time = 20	action = 0	current_phase = 0	next_phase = 1	reward = 0.079642	array([[-1.0011338 , -0.16246393]], dtype=float32)
time = 25	action = 0	current_phase = 0	next_phase = 1	reward = 0.635482	array([[-1.0058856, -0.1489616]], dtype=float32)
